2.544763565063476562e+00
1.478581428527832031e+00
2.799778461456298828e+00
1.842333078384399414e+00
6.168540120124816895e-01
1.312457799911499023e+00
1.372722506523132324e+00
1.714105367660522461e+00
0.000000000000000000e+00
1.180889844894409180e+00
1.296561479568481445e+00
4.655894756317138672e+00
2.907434225082397461e+00
4.760703444480895996e-01
1.541486859321594238e+00
8.113880157470703125e-01
1.270588636398315430e+00
9.001554250717163086e-01
8.762227296829223633e-01
2.539022862911224365e-01
