2.054288625717163086e+00
5.870740413665771484e-01
2.287761211395263672e+00
3.917992591857910156e+00
5.113176703453063965e-01
0.000000000000000000e+00
1.604707390069961548e-01
1.702776432037353516e+00
0.000000000000000000e+00
2.229873239994049072e-01
2.065820217132568359e+00
1.061469078063964844e+00
2.327054977416992188e+00
1.218857526779174805e+00
1.383060693740844727e+00
2.752666950225830078e+00
1.552596569061279297e+00
1.267215490341186523e+00
2.485563755035400391e+00
1.563344359397888184e+00
